30
76
74
90
160
158
750
204
1444
1744
234
1344
576
504
256
224
112
6272
800
1008
2352
5712
90
174
220
218
192
168
72
4032
520
688
1904
32
1792
240
368
896
128
784
126
336
294
1680
816
714
112
110
510
156
1108
1360
186
318
364
362
240
1696
2032
270
1216
1214
2400
316
2100
314
4592
2128
1136
994
208
192
176
288
304
288
1168
272
1744
2576
480
90
288
174
400
384
220
218
368
240
224
848
208
1360
2128
416
192
168
72
4032
520
688
1904
592
576
560
32
1792
240
368
896
128
784
126
336
294
320
2032
2912
528
1712
1696
2800
512
2400
496
1680
816
714
288
400
384
368
234
480
336
320
304
24
1344
184
304
576
88
504
86
272
238
672
256
48
224
46
112
800
1008
142
42
2352
310
448
432
416
1808
400
2512
3472
608
240
210
102
5712
730
928
2240
176
160
528
144
976
1680
352
400
384
368
256
1648
2464
464
1392
1376
2352
448
2016
432
126
336
320
172
170
304
378
672
432
256
254
416
1230
1808
400
300
2116
2512
330
3472
608
192
1264
2016
400
1072
1056
1904
384
1632
368
1456
656
574
688
672
3088
656
4048
5264
864
304
266
142
7952
1010
1248
2688
2688
496
2304
480
1920
11632
14112
2128
464
19488
2896
3920
6272
352
296
256
72
64
56
1696
270
380
772
2956
16
14
30
60
436
592
90
72
64
56
1696
270
380
772
30
76
74
24
352
78
156
296
70
256
68
142
124
144
1024
1264
174
736
734
1632
220
1428
218
604
506
436
2536
4032
856
1792
716
616
896
784
72
64
56
1696
270
380
772
24
352
78
156
296
70
256
68
142
124
604
506
436
30
76
74
24
352
78
156
296
70
256
68
142
124
90
72
38
64
36
56
270
380
82
34
772
138
226
160
158
750
204
1444
1744
234
114
100
86
2956
450
590
1024
520
1344
436
376
576
504
156
136
256
224
116
4216
630
112
6272
800
1008
1276
2352
3796
5712
2116
604
506
436
96
688
880
126
496
494
1248
172
1092
170
520
436
376
304
302
1470
348
2452
2896
378
156
136
116
4216
630
800
1276
1920
256
1680
254
1200
8416
9712
1230
300
16800
2116
2512
3796
5476
7952
